113
0
0
-72.43904997412962
-72.43904997412962
-72.43904997412962
-7.503970242992551
-38.94699206614279
-38.94699206614279
-38.94699206614279
-52.54852718069416
-90.14758892253543
-90.14758892253543
-90.14758892253543
-15.677677365779173
-62.75916797461022
-62.75916797461022
-62.75916797461022
-43.609601300436076
-100.72530948667473
-100.72530948667473
-100.72530948667473
-42.385623368624366
-51.00466647538361
-51.00466647538361
-51.00466647538361
-43.15502731427483
-31.060619296730472
-31.060619296730472
-31.060619296730472
-81.08797359930601
-69.08240303928186
-69.08240303928186
-69.08240303928186
-74.21906804047687
-38.04903250134565
-38.04903250134565
-38.04903250134565
-76.58170445401994
-17.769983842940505
-17.769983842940505
-17.769983842940505
-81.54921030880826
0
0
0
0
0
0
0
0
0
0
0
0
0
0
0
0
0
0
0
0
0
0
0
0
0
0
0
0
0
0
0
0
0
0
0
0
0
0
0
0
0
0
0
0
0
0
0
0
0
0
0
0
0
0
0
0
0
0
0
0
0
0
0
0
0
0
0
0
0
0
0
