match_0: []
unmatch_0: [1, 2, 3, 4, 5, 6, 7, 8, 9, 10, 11, 12, 13, 14, 15, 16, 17, 18, 19, 20]
match_1: [[18, 19]]
unmatch_1: [1, 2, 3, 4, 5, 6, 7, 8, 9, 10, 11, 12, 13, 14, 15, 16, 17, 20]
match_2: [[18, 19], [3, 15]]
unmatch_2: [1, 2, 4, 5, 6, 7, 8, 9, 10, 11, 12, 13, 14, 16, 17, 20]
match_3: [[18, 19], [3, 15], [4, 5]]
unmatch_3: [1, 2, 6, 7, 8, 9, 10, 11, 12, 13, 14, 16, 17, 20]
match_4: [[18, 19], [3, 15], [4, 5], [11, 12]]
unmatch_4: [1, 2, 6, 7, 8, 9, 10, 13, 14, 16, 17, 20]
match_5: [[18, 19], [3, 15], [4, 5], [11, 12], [8, 13]]
unmatch_5: [1, 2, 6, 7, 9, 10, 14, 16, 17, 20]
match_6: [[18, 19], [3, 15], [4, 5], [11, 12], [8, 13], [17, 20]]
unmatch_6: [1, 2, 6, 7, 9, 10, 14, 16]
match_7: [[18, 19], [3, 15], [4, 5], [11, 12], [8, 13], [17, 20], [1, 10]]
unmatch_7: [2, 6, 7, 9, 14, 16]
match_8: [[18, 19], [3, 15], [4, 5], [11, 12], [8, 13], [17, 20], [1, 10], [9, 6]]
unmatch_8: [16, 2, 14, 7]
match_9: [[18, 19], [3, 15], [4, 5], [11, 12], [8, 13], [17, 20], [1, 10], [9, 6], [7, 16]]
unmatch_9: [2, 14]
match_10: [[18, 19], [3, 15], [4, 5], [11, 12], [8, 13], [17, 20], [1, 10], [9, 6], [7, 16], [2, 14]]
unmatch_10: []
