-151708.634897148  
-151719.3649283029  
-152420.58185080352  
-152659.06918169075  
-153955.7269505264  
-154005.09587608493  
-154559.97086874195  
-155459.91680442163  
-156928.18218594012  
-157792.53350759705  
-158568.86667848483  
-158855.14210640936  
-161024.42262538645  
-164311.79299955684  
-168207.19367896422  
-176392.23403067753  
-176682.77618126286  
-192165.94522459916  
-197901.1203761142  
-199227.60220786688  
-208407.4781041961  
-210649.3707928767  
-226915.40897926386  
-228751.86249847934  
-236729.95437707938  
-238739.17328176406  
-253182.68076414298  
-268191.02283856826  
-292875.64197888516  
-350733.3653360925  
-466868.5588962355  
-483855.60239285073  
-498721.09887385444  
-514519.72573080624  
-516258.494987177  
-554542.0420248555  
-593620.002485996  
-615246.7943427857  
-718763.1159983661  
-742582.8664830431  
-743587.6160935271  
-745193.6580066492  
-759687.8169153291  
-776391.5548774551  
-778684.4543140434  
-779151.347907203  
-781511.2604070693  
-783165.7296438095  
-792722.9228717892  
-797110.4009715201  
-823229.9407780041  
-832376.743607457  
-841865.633287111  
-881412.0397217495  
-910112.1904475404  
-953098.5931630494  
-1038615.2945848517  
-1044332.2494701317  
-1044704.9033208617  
-1049519.7311330172  
-1067624.4527861695  
-1112370.059608191  
-1124633.5023630767  
-1126675.239423049  
-1140927.0894386664  
-1161771.96276611  
-1199162.129727789  
-1203015.4794465147  
-1203108.9860091493  
-1206202.1230710708  
-1206823.7302799386  
-1211226.980480889  
-1219549.2377252565  
-1254352.5630219958  
-1294328.5445837372  
-1332662.5305898956  
-1342112.577558927  
-1342383.856394102  
-1343311.7210206161  
-1345616.3361899178  
-1357653.7738128386  
-1379309.2785276028  
-1402635.1573570059  
-1403527.689770018  
-1430382.041212957  
-1456493.3117630342  
-1497422.9805052844  
-1514877.7026536618  
-1533245.633317193  
-1538957.6992283845  
-1569708.0760698295  
-1589562.7138354108  
-1612810.9496315913  
-1627930.7994194739  
-1654583.670173326  
-1654933.3256834703  
-1744476.1794815306  
-1818057.4796525002  
-1822947.294521189  
-1832714.6772711854  
-1850183.573846213  
-1869749.4937627506  
-1938696.4672985752  
-2019214.9214867633  
-2020061.8714941472  
-2020294.2094733142  
-2023709.1451351263  
-2023819.4260005753  
-2023861.1137908336  
-2023878.921838717  
-2023878.7020586538  
-2023876.9067043788  
-2023872.9497888212  
-2023840.8867377136  
-2023839.468068165  
-2023837.5491743896  
-2019689.3453063753  
-2015587.8710696083  
-2014808.2329776895  
-2014800.4215807864  
