113
0.5
0.1
3758.4736347195903
3758.4736347195903
1721.278527606238
4303.196319015595
2505.5869986128673
2505.5869986128673
358.2207077180535
895.5517692951338
594.282954856583
594.282954856583
140.75649941805713
351.89124854514284
5003.056939104501
5003.056939104501
325.5503902665918
813.8759756664796
406.9176386534904
406.9176386534904
251.87148015981447
629.6787003995362
1161.2322741690662
1161.2322741690662
128.81511737201916
322.0377934300479
1998.6692854952069
1998.6692854952069
1220.4683266574962
3051.17081664374
480.676911520068
480.676911520068
452.9639052055307
1132.4097630138267
1150.8739710836935
1150.8739710836935
482.54763190607275
1206.3690797651818
2056.663368068082
2056.663368068082
533.3439368726501
1333.3598421816255
0.0001
0.0001
0.0001
0.0001
0.0001
0.0001
0.0001
0.0001
0.0001
0.0001
0.0001
0.0001
0.0001
0.0001
0.0001
0.0001
0.0001
0.0001
0.0001
0.0001
0.0001
0.0001
0.0001
0.0001
0.0001
0.0001
0.0001
0.0001
0.0001
0.0001
0.0001
0.0001
0.0001
0.0001
0.0001
0.0001
0.0001
0.0001
0.0001
0.0001
0.0001
0.0001
0.0001
0.0001
0.0001
0.0001
0.0001
0.0001
0.0001
0.0001
0.0001
0.0001
0.0001
0.0001
0.0001
0.0001
0.0001
0.0001
0.0001
0.0001
0.0001
0.0001
0.0001
0.0001
0.0001
0.0001
0.0001
0.0001
0.0001
0.0001
0.0001
